##FastQC	0.10.1
>>Basic Statistics	pass
#Measure	Value	
Filename	ERR361061_2.fastq	
File type	Conventional base calls	
Encoding	Sanger / Illumina 1.9	
Total Sequences	40019708	
Filtered Sequences	0	
Sequence length	101	
%GC	48	
>>END_MODULE
>>Per base sequence quality	fail
#Base	Mean	Median	Lower Quartile	Upper Quartile	10th Percentile	90th Percentile
1	31.59802013048171	31.0	31.0	34.0	30.0	34.0
2	31.654670218983107	33.0	31.0	34.0	30.0	34.0
3	31.81920785129167	33.0	31.0	34.0	30.0	34.0
4	35.37992316185815	37.0	35.0	37.0	33.0	37.0
5	35.37881263401522	37.0	35.0	37.0	33.0	37.0
6	35.38163329427591	37.0	35.0	37.0	33.0	37.0
7	35.370216294431735	37.0	35.0	37.0	33.0	37.0
8	35.33513173059634	37.0	35.0	37.0	33.0	37.0
9	36.87976344055284	39.0	37.0	39.0	33.0	39.0
10-14	36.920488220453784	39.2	37.0	39.4	32.2	39.4
15-19	37.581664843731495	40.0	37.0	41.0	32.0	41.0
20-24	37.289146502518214	39.6	36.8	41.0	31.4	41.0
25-29	37.16153904971021	39.6	36.8	41.0	30.8	41.0
30-34	36.935427849698456	39.0	36.4	41.0	30.4	41.0
35-39	36.67897241029345	39.0	36.0	41.0	30.0	41.0
40-44	36.1858767085457	39.0	35.2	40.8	29.0	41.0
45-49	35.65522136243472	38.6	34.8	40.0	27.4	41.0
50-54	34.77369631982322	37.8	33.6	39.6	25.8	40.6
55-59	34.66491465155118	38.0	33.8	40.0	25.6	41.0
60-64	33.85329309749086	37.0	32.8	39.8	23.4	41.0
65-69	32.866597422449956	35.6	31.6	39.0	21.4	40.4
70-74	31.679905655483545	35.0	30.6	37.6	18.0	39.6
75-79	30.45885512208135	34.0	29.6	36.2	10.8	38.8
80-84	29.158561221885975	34.0	28.8	35.0	4.6	36.8
85-89	28.20570668331713	33.2	27.2	35.0	2.0	35.8
90-94	27.060428961650594	32.8	25.6	35.0	2.0	35.0
95-99	25.383029181522264	32.0	21.0	34.0	2.0	35.0
100-101	22.063157282406955	28.0	2.0	33.0	2.0	34.5
>>END_MODULE
>>Per sequence quality scores	pass
#Quality	Count
2	75126.0
3	25082.0
4	34593.0
5	44162.0
6	54620.0
7	67585.0
8	82142.0
9	98823.0
10	115656.0
11	134351.0
12	152565.0
13	166086.0
14	177248.0
15	186988.0
16	197818.0
17	212308.0
18	232320.0
19	255104.0
20	282179.0
21	314986.0
22	351477.0
23	396982.0
24	450962.0
25	519231.0
26	603634.0
27	707056.0
28	838688.0
29	998926.0
30	1201823.0
31	1460552.0
32	1794980.0
33	2252115.0
34	2904928.0
35	3872013.0
36	5373898.0
37	7105780.0
38	5630884.0
39	645909.0
40	128.0
>>END_MODULE
>>Per base sequence content	pass
#Base	G	A	T	C
1	23.388027565825208	28.390781459670183	25.257399493619364	22.963791480885238
2	24.91014239559525	28.33659176964989	24.46834255932958	22.28492327542528
3	24.62847489755359	26.14587488838311	25.401978850168938	23.823671363894363
4	24.687813814133776	25.564269484425022	25.58507923146266	24.16283746997854
5	24.450460648130797	25.97048453636584	25.8120225788799	23.767032236623464
6	24.23256651913096	25.639858779515784	25.054769289817084	25.07280541153617
7	23.992969158822316	25.65003396579053	26.006606050153625	24.350390825233525
8	23.446973467843208	25.966417409201636	26.097522957713988	24.489086165241165
9	23.497668122633446	25.632020201257948	26.26557839559261	24.604733280515994
10-14	23.52801536209729	25.801671508297787	26.49234039332858	24.177972736276352
15-19	23.55806303155944	25.639375096178306	26.486441862204735	24.316120010057517
20-24	23.762481804671896	25.606465625645118	26.32626367986721	24.304788889815768
25-29	23.838350598583283	25.663362579404613	26.20174189837501	24.296544923637097
30-34	23.917871503124307	25.62629086050533	26.122647214630096	24.33319042174027
35-39	23.988363263965397	25.61128216158255	26.08911492271538	24.311239651736667
40-44	24.09528055737195	25.611898667260824	26.02737947430192	24.2654413010653
45-49	24.15174436768676	25.561704342420065	25.984049242605394	24.30250204728778
50-54	24.168030958271338	25.578976439916296	25.971598917593518	24.28139368421884
55-59	24.21280227978392	25.60709765680836	25.932690570467948	24.247409492939774
60-64	24.272249412452087	25.601725346807484	25.87382449176243	24.252200748977994
65-69	24.324948039355064	25.61384318625847	25.84201470376346	24.219194070623004
70-74	24.438772143894543	25.641259322377525	25.77471192236584	24.145256611362097
75-79	24.48245444632307	25.660488881081182	25.722854580765166	24.134202091830577
80-84	24.587232799136252	25.689712975027472	25.65941249866084	24.06364172717544
85-89	24.699496527606023	25.749783783811075	25.55787755959178	23.992842128991118
90-94	24.81058106160386	25.757825844166543	25.46987937461121	23.961713719618384
95-99	24.94325781881829	25.82561894297154	25.36012726555967	23.870995972650505
100-101	25.338063111011365	25.8307098311106	24.798668946644206	24.03255811123383
>>END_MODULE
>>Per base GC content	pass
#Base	%GC
1	46.351819046710446
2	47.19506567102053
3	48.45214626144795
4	48.85065128411232
5	48.21749288475426
6	49.30537193066713
7	48.343359984055844
8	47.936059633084376
9	48.10240140314944
10-14	47.705988098373645
15-19	47.87418304161696
20-24	48.06727069448766
25-29	48.134895522220376
30-34	48.25106192486457
35-39	48.29960291570207
40-44	48.36072185843726
45-49	48.45424641497454
50-54	48.44942464249018
55-59	48.460211772723696
60-64	48.52445016143008
65-69	48.54414210997807
70-74	48.58402875525664
75-79	48.61665653815365
80-84	48.650874526311696
85-89	48.69233865659714
90-94	48.77229478122224
95-99	48.81425379146879
100-101	49.3706212222452
>>END_MODULE
>>Per sequence GC content	pass
#GC Content	Count
0	13.0
1	19.0
2	35.0
3	53.5
4	76.0
5	109.5
6	139.0
7	173.0
8	237.5
9	337.0
10	400.5
11	496.5
12	671.0
13	831.5
14	1027.5
15	1305.5
16	1840.0
17	2833.0
18	4419.0
19	7069.0
20	11340.5
21	17701.0
22	26981.5
23	40190.0
24	57953.0
25	81454.5
26	111677.5
27	150123.0
28	196360.0
29	250734.0
30	313277.0
31	383746.5
32	463413.5
33	550078.0
34	642627.0
35	737977.0
36	836160.0
37	936122.5
38	1032698.0
39	1121673.0
40	1197243.5
41	1257056.0
42	1303727.0
43	1335592.5
44	1352470.0
45	1358702.5
46	1357767.5
47	1352385.5
48	1343839.0
49	1332222.0
50	1316302.0
51	1297712.0
52	1275612.0
53	1251844.0
54	1228398.0
55	1200149.5
56	1168279.0
57	1135220.5
58	1095752.5
59	1047859.0
60	988109.5
61	913868.5
62	829582.0
63	738530.5
64	644544.0
65	551908.5
66	464037.0
67	382473.0
68	308381.5
69	243740.5
70	189136.0
71	144293.0
72	109037.5
73	82073.5
74	61060.0
75	45320.5
76	33641.0
77	24955.0
78	18683.0
79	13955.0
80	10207.0
81	7485.5
82	5588.0
83	4101.5
84	3081.5
85	2356.5
86	1751.0
87	1305.0
88	1020.0
89	798.0
90	608.0
91	441.0
92	332.0
93	248.5
94	177.0
95	138.0
96	94.0
97	61.5
98	39.0
99	27.5
100	14.5
>>END_MODULE
>>Per base N content	pass
#Base	N-Count
1	2.4987688565843608E-5
2	2.498768856584361E-6
3	7.496306569753083E-6
4	0.0
5	1.999015085267489E-5
6	4.497783941851849E-5
7	7.496306569753082E-5
8	1.0994582968971188E-4
9	5.497291484485594E-5
10-14	1.704160360190534E-4
15-19	7.216444457815634E-4
20-24	2.3588378006156367E-4
25-29	0.0018710781198103695
30-34	0.007230937317183824
35-39	0.0194928958502146
40-44	0.03969694131701311
45-49	0.04803883126783434
50-54	0.05076748685922446
55-59	0.05274951031626718
60-64	0.027626388478396696
65-69	0.03173136595599348
70-74	0.033592449000377514
75-79	0.025525923377551878
80-84	0.019479902252160362
85-89	0.029570930402590647
90-94	0.026325529411658877
95-99	0.020940682525719578
100-101	0.0036919309856033936
>>END_MODULE
>>Sequence Length Distribution	pass
#Length	Count
101	4.0019708E7
>>END_MODULE
>>Sequence Duplication Levels	warn
#Total Duplicate Percentage	27.874248338432324
#Duplication Level	Relative count
1	100.0
2	12.468406271940088
3	2.80599110695062
4	0.8664872454949684
5	0.3855604961385444
6	0.18780716124502692
7	0.10297215071378422
8	0.06377252515796863
9	0.0468055230517201
10++	0.08600514860753569
>>END_MODULE
>>Overrepresented sequences	pass
>>END_MODULE
>>Kmer Content	pass
>>END_MODULE
