##FastQC	0.10.1
>>Basic Statistics	pass
#Measure	Value	
Filename	ERR361061_1.fastq	
File type	Conventional base calls	
Encoding	Sanger / Illumina 1.9	
Total Sequences	40019708	
Filtered Sequences	0	
Sequence length	101	
%GC	48	
>>END_MODULE
>>Per base sequence quality	fail
#Base	Mean	Median	Lower Quartile	Upper Quartile	10th Percentile	90th Percentile
1	31.81560760013541	31.0	31.0	34.0	30.0	34.0
2	32.06554435629565	33.0	31.0	34.0	30.0	34.0
3	32.16701613614972	34.0	31.0	34.0	30.0	34.0
4	35.82883663219132	37.0	35.0	37.0	35.0	37.0
5	35.53921437907543	37.0	35.0	37.0	33.0	37.0
6	35.64344245090444	37.0	35.0	37.0	33.0	37.0
7	35.641029039992	37.0	35.0	37.0	33.0	37.0
8	35.63061841930481	37.0	35.0	37.0	33.0	37.0
9	37.200499688803326	39.0	37.0	39.0	33.0	39.0
10-14	37.35666826454606	39.2	37.2	39.4	33.0	39.4
15-19	36.98556228346293	39.8	36.4	41.0	26.8	41.0
20-24	36.78158724196588	39.0	35.6	41.0	28.8	41.0
25-29	37.66526962665495	39.6	37.0	41.0	32.2	41.0
30-34	37.25933821905947	39.0	36.4	40.8	31.2	41.0
35-39	36.75041562522145	39.0	35.6	40.0	30.4	41.0
40-44	36.204775956886046	38.6	35.0	40.0	29.6	41.0
45-49	35.508811183729776	38.0	34.2	40.0	27.8	41.0
50-54	32.23389723883043	36.6	28.6	39.4	16.8	40.4
55-59	32.89571233753129	36.0	30.8	39.0	21.4	40.0
60-64	32.208229095524636	35.2	30.6	38.6	20.0	40.0
65-69	30.77659590619702	34.2	29.0	37.6	13.0	39.4
70-74	29.051930243968798	33.2	26.6	35.8	7.0	38.6
75-79	27.83517182084387	31.8	26.0	34.6	2.0	36.4
80-84	27.13275848489449	32.0	25.4	34.4	2.0	36.0
85-89	25.06633371737745	30.6	20.6	34.0	2.0	35.0
90-94	22.988363593257606	29.4	7.4	34.0	2.0	35.0
95-99	20.147862403193948	27.8	2.0	33.0	2.0	34.0
100-101	14.739134590887069	10.0	2.0	29.0	2.0	32.5
>>END_MODULE
>>Per sequence quality scores	pass
#Quality	Count
2	325.0
3	385.0
4	806.0
5	1867.0
6	4643.0
7	11646.0
8	27502.0
9	48389.0
10	71030.0
11	97833.0
12	130388.0
13	172626.0
14	219055.0
15	261407.0
16	297229.0
17	327654.0
18	360767.0
19	399886.0
20	441851.0
21	483481.0
22	532701.0
23	596999.0
24	685438.0
25	799443.0
26	944312.0
27	1118032.0
28	1320854.0
29	1559583.0
30	1846836.0
31	2204084.0
32	2677376.0
33	3286742.0
34	4050902.0
35	4783376.0
36	5003140.0
37	4107976.0
38	1129775.0
39	13369.0
>>END_MODULE
>>Per base sequence content	pass
#Base	G	A	T	C
1	23.353665386033796	28.45911725666913	25.682727993468706	22.504489363828363
2	24.058387717178963	27.842879622783066	25.640051800255293	22.458680859782678
3	23.900704123078558	26.276488574079547	26.26861745218131	23.554189850660578
4	23.995202563696864	26.01427526657616	26.377626243549802	23.61289592617717
5	23.975317361136167	26.21901689037811	26.1281791461347	23.67748660235102
6	23.688758417603488	25.96749341274488	25.47102047531386	24.87272769433777
7	23.33684193797716	26.031719171963974	26.29869513290802	24.33274375715085
8	22.86164364208155	26.277167691920422	26.329834272063003	24.531354393935025
9	23.019840624524296	25.912213052628967	26.45482320860512	24.613123114241613
10-14	22.927810967536296	26.124292061301396	26.688933862286053	24.258963108876255
15-19	23.09923013980775	25.969632284558607	26.58733448032129	24.34380309531235
20-24	23.36423046905225	25.91452256444852	26.3746510906513	24.346595875847925
25-29	23.59019261210002	25.947734051432857	26.218468660490974	24.243604675976147
30-34	23.694317889837002	25.915605750075688	26.125643291883716	24.264433068203594
35-39	23.790211657471655	25.869912041085158	26.063904465867278	24.27597183557591
40-44	23.88657682246534	25.86226492069622	26.00922301591229	24.24193524092615
45-49	23.95290582677112	25.808580551305766	25.95056682539622	24.287946796526896
50-54	24.445609287419963	25.630540776364004	25.738230319205822	24.18561961701021
55-59	24.125540222111532	25.79796719398417	25.864878245978506	24.21161433792579
60-64	24.160455143750674	25.76087511682994	25.83552033912891	24.243149400290477
65-69	24.249434235710744	25.777207090182447	25.751281167236556	24.222077506870253
70-74	24.38298861677709	25.77606504561725	25.676213458119246	24.164732879486408
75-79	24.338805566952036	25.816248923373266	25.645512395865904	24.1994331138088
80-84	24.367668129183144	25.862296629270848	25.58307462656164	24.18696061498436
85-89	24.418173738934794	25.927706558713243	25.46705640685345	24.187063295498508
90-94	24.555138071862462	25.908346393786374	25.31110376730042	24.225411767050748
95-99	24.540379896879337	25.95250308990467	25.095491265432667	24.41162574778332
100-101	24.625433280294462	26.13382017349153	23.97454144215852	25.26620510405549
>>END_MODULE
>>Per base GC content	pass
#Base	%GC
1	45.85815474986216
2	46.51706857696164
3	47.45489397373914
4	47.60809848987404
5	47.65280396348719
6	48.56148611194126
7	47.669585695128006
8	47.39299803601658
9	47.63296373876591
10-14	47.186774076412554
15-19	47.443033235120105
20-24	47.71082634490018
25-29	47.83379728807616
30-34	47.958750958040596
35-39	48.06618349304757
40-44	48.12851206339149
45-49	48.24085262329801
50-54	48.63122890443017
55-59	48.33715456003732
60-64	48.40360454404115
65-69	48.471511742581
70-74	48.5477214962635
75-79	48.538238680760834
80-84	48.55462874416751
85-89	48.60523703443331
90-94	48.78054983891321
95-99	48.952005644662655
100-101	49.89163838434995
>>END_MODULE
>>Per sequence GC content	pass
#GC Content	Count
0	1.0
1	1.0
2	2.0
3	4.0
4	3.5
5	3.0
6	6.0
7	7.5
8	8.0
9	11.5
10	20.5
11	44.0
12	82.0
13	156.0
14	300.5
15	551.0
16	1089.5
17	2074.0
18	3949.0
19	7101.5
20	11967.5
21	19485.0
22	30570.5
23	46088.5
24	66638.0
25	92946.5
26	127137.5
27	169463.5
28	219342.5
29	277566.5
30	343179.0
31	416557.0
32	497022.5
33	584123.5
34	676152.5
35	769499.0
36	863301.0
37	956922.0
38	1048053.5
39	1132232.5
40	1202861.0
41	1258903.5
42	1301401.0
43	1329715.0
44	1345581.0
45	1351635.5
46	1351822.0
47	1347275.0
48	1341116.0
49	1331075.5
50	1315642.0
51	1297771.0
52	1274341.0
53	1249133.0
54	1224294.5
55	1194926.5
56	1162250.5
57	1126903.5
58	1084366.5
59	1032678.0
60	970903.0
61	895897.0
62	809724.0
63	718176.5
64	623698.0
65	531108.5
66	444284.0
67	363611.5
68	290511.0
69	226873.5
70	174060.5
71	131469.0
72	97906.5
73	72002.0
74	52437.0
75	37941.0
76	27442.0
77	19660.0
78	13891.0
79	9797.0
80	6797.5
81	4607.0
82	3108.5
83	2100.0
84	1405.0
85	969.0
86	684.5
87	470.5
88	292.0
89	189.0
90	123.0
91	82.0
92	62.5
93	35.0
94	15.5
95	10.5
96	6.0
97	0.5
98	0.5
99	0.5
100	0.5
>>END_MODULE
>>Per base N content	pass
#Base	N-Count
1	0.03229908624020945
2	0.009217958311939707
3	0.0
4	0.0
5	0.0
6	9.995075426337444E-6
7	0.0
8	5.497291484485594E-5
9	0.0
10-14	0.0
15-19	2.949732166961338
20-24	0.01199758878800415
25-29	0.0
30-34	1.2993598054238676E-5
35-39	2.498768856584361E-6
40-44	9.995075426337445E-7
45-49	1.6241997567798347E-4
50-54	1.9292289688870294
55-59	2.8485964965061716E-5
60-64	0.0
65-69	7.581264710876951E-4
70-74	0.0037881335865818915
75-79	8.745690998045263E-5
80-84	2.6986703651111098E-5
85-89	5.672205304446499E-4
90-94	0.005838623310295017
95-99	6.696700535646086E-5
100-101	4.997537713168722E-6
>>END_MODULE
>>Sequence Length Distribution	pass
#Length	Count
101	4.0019708E7
>>END_MODULE
>>Sequence Duplication Levels	warn
#Total Duplicate Percentage	23.090600112709527
#Duplication Level	Relative count
1	100.0
2	10.25214284497106
3	2.1266564802244803
4	0.6049383417305213
5	0.26696809447262443
6	0.1448443916819558
7	0.06702603222929719
8	0.0556656877836536
9	0.0306729300032377
10++	0.05452965333908924
>>END_MODULE
>>Overrepresented sequences	pass
>>END_MODULE
>>Kmer Content	pass
>>END_MODULE
