##FastQC	0.10.1
>>Basic Statistics	pass
#Measure	Value	
Filename	ERR361059_1.fastq	
File type	Conventional base calls	
Encoding	Sanger / Illumina 1.9	
Total Sequences	24597715	
Filtered Sequences	0	
Sequence length	101	
%GC	48	
>>END_MODULE
>>Per base sequence quality	fail
#Base	Mean	Median	Lower Quartile	Upper Quartile	10th Percentile	90th Percentile
1	33.452887839378576	34.0	34.0	34.0	34.0	34.0
2	33.38186616114545	34.0	34.0	34.0	34.0	34.0
3	33.35025806258833	34.0	34.0	34.0	34.0	34.0
4	33.37109121721266	34.0	34.0	34.0	34.0	34.0
5	33.357113211532045	34.0	34.0	34.0	34.0	34.0
6	33.397601972378325	34.0	34.0	34.0	34.0	34.0
7	33.37915712902601	34.0	34.0	34.0	34.0	34.0
8	33.363295289826716	34.0	34.0	34.0	34.0	34.0
9	33.34818713852079	34.0	34.0	34.0	34.0	34.0
10-14	33.37390007974317	34.0	34.0	34.0	34.0	34.0
15-19	33.31444212602675	34.0	34.0	34.0	33.6	34.0
20-24	33.20445189319415	34.0	34.0	34.0	33.0	34.0
25-29	33.0353929460521	34.0	34.0	34.0	33.0	34.0
30-34	32.83048672610444	34.0	34.0	34.0	32.4	34.0
35-39	32.58866449993424	34.0	34.0	34.0	31.8	34.0
40-44	32.34712005566371	34.0	34.0	34.0	31.0	34.0
45-49	32.01350186389264	34.0	33.6	34.0	30.4	34.0
50-54	31.57806225496962	34.0	33.0	34.0	28.8	34.0
55-59	31.02137510740327	34.0	32.6	34.0	26.4	34.0
60-64	30.292950837100115	34.0	32.0	34.0	21.6	34.0
65-69	29.44503738660278	33.8	31.0	34.0	7.8	34.0
70-74	28.39625744098588	33.0	30.0	34.0	2.0	34.0
75-79	27.145503157508735	33.0	28.0	34.0	2.0	34.0
80-84	25.58612104417016	32.2	23.2	34.0	2.0	34.0
85-89	23.76355889967828	31.4	5.2	33.4	2.0	34.0
90-94	21.66539299280441	30.0	2.0	33.0	2.0	34.0
95-99	19.33481842520738	27.6	2.0	33.0	2.0	34.0
100-101	17.435254189261073	22.5	2.0	32.0	2.0	34.0
>>END_MODULE
>>Per sequence quality scores	pass
#Quality	Count
2	154561.0
3	9295.0
4	20588.0
5	22521.0
6	34989.0
7	43996.0
8	55928.0
9	71389.0
10	69543.0
11	88569.0
12	105014.0
13	107272.0
14	134704.0
15	157866.0
16	169109.0
17	213192.0
18	241573.0
19	266618.0
20	337413.0
21	362957.0
22	408008.0
23	502578.0
24	551058.0
25	640354.0
26	776553.0
27	819561.0
28	959862.0
29	1118581.0
30	1243904.0
31	1782948.0
32	3126503.0
33	9916172.0
34	84536.0
>>END_MODULE
>>Per base sequence content	pass
#Base	G	A	T	C
1	24.273913004761134	26.287775189562367	25.339069794921688	24.09924201075481
2	24.38296427286009	27.10675351960461	25.90921052182185	22.601071685713453
3	24.40477059238619	26.346640762271573	26.427406338296695	22.821182307045547
4	25.793478335991438	25.971568084996534	25.455646074370335	22.77930750464169
5	24.517716515426056	27.095387489953314	26.225914893565122	22.16098110105551
6	24.77137684207137	26.37837703343851	24.637883319221007	24.212362805269112
7	23.80047496281667	26.12350374821401	26.637555561563342	23.43846572740598
8	23.609941004682753	25.929197081924073	26.533338564171512	23.927523349221666
9	23.257802604835447	25.80433182513091	26.667761619321144	24.270103950712496
10-14	23.504994671253	26.236153236184744	26.34949953684722	23.90935255571503
15-19	23.294046621810196	26.004307310658735	26.638802018805407	24.062844048725665
20-24	23.430984544702625	25.939242730473133	26.5413636998396	24.08840902498464
25-29	23.589063149883877	25.965967759637138	26.42617406963806	24.018795020840923
30-34	23.7039065831738	25.9698736183165	26.31627415722846	24.00994564128124
35-39	23.796676429470594	26.01263431186705	26.23243033942324	23.958258919239114
40-44	23.982791222894342	26.08661922976725	26.0696930836077	23.86089646373071
45-49	24.20130254977485	26.166132308974955	25.867479102735707	23.76508603851449
50-54	24.48378365903031	26.24055924967231	25.649709713110337	23.62594737818705
55-59	24.82751176766192	26.32416102850563	25.352809511878487	23.495517691953967
60-64	25.22081847448633	26.377794642399945	25.011785464164426	23.389601418949304
65-69	25.633784555276478	26.446933920832294	24.603318554818845	23.315962969072384
70-74	26.075264948300358	26.485253324364155	24.159062648283538	23.28041907905195
75-79	26.486859450156242	26.461074941310603	23.73633323257872	23.315732375954433
80-84	26.883976087161777	26.33955898475427	23.379442964663657	23.397021963420293
85-89	27.241179209645416	26.10255729490728	23.06825589574878	23.58800759969852
90-94	27.55497217198392	25.718998207849204	22.902630420441263	23.823399199725614
95-99	27.798009718663486	25.367069177147865	22.807518740821887	24.02740236336676
100-101	28.700199444831036	24.78163339122224	22.39834148060811	24.119825683338615
>>END_MODULE
>>Per base GC content	pass
#Base	%GC
1	48.37315501551594
2	46.98403595857354
3	47.22595289943173
4	48.57278584063313
5	46.678697616481564
6	48.983739647340485
7	47.23894069022265
8	47.53746435390442
9	47.52790655554794
10-14	47.41434722696803
15-19	47.35689067053586
20-24	47.51939356968727
25-29	47.607858170724796
30-34	47.71385222445504
35-39	47.75493534870971
40-44	47.84368768662505
45-49	47.96638858828934
50-54	48.10973103721736
55-59	48.32302945961589
60-64	48.61041989343563
65-69	48.949747524348865
70-74	49.35568402735232
75-79	49.80259182611068
80-84	50.28099805058207
85-89	50.82918680934394
90-94	51.378371371709534
95-99	51.82541208203024
100-101	52.82002512816965
>>END_MODULE
>>Per sequence GC content	pass
#GC Content	Count
0	687.0
1	409.5
2	97.5
3	53.5
4	47.5
5	50.5
6	47.5
7	48.5
8	53.5
9	49.0
10	44.5
11	40.5
12	38.0
13	55.0
14	96.0
15	160.5
16	300.0
17	555.5
18	1037.5
19	1956.0
20	3450.5
21	5833.0
22	9580.0
23	15049.0
24	22894.5
25	33404.0
26	47141.0
27	64336.0
28	85725.5
29	112550.0
30	143913.5
31	179321.5
32	221178.0
33	269942.0
34	322487.0
35	379596.0
36	441539.5
37	507491.0
38	575809.0
39	643306.5
40	707831.0
41	767352.0
42	819311.0
43	859998.5
44	891671.5
45	915808.5
46	933356.5
47	946804.0
48	950814.5
49	947850.0
50	940407.0
51	922394.0
52	896617.5
53	865325.5
54	831780.5
55	797302.5
56	758755.5
57	715598.5
58	666665.5
59	612799.5
60	555023.5
61	495672.0
62	436368.0
63	377719.0
64	324378.0
65	276702.5
66	233416.5
67	195315.0
68	161828.0
69	133431.5
70	109451.0
71	89557.5
72	72972.5
73	58945.0
74	47629.5
75	38611.5
76	31122.0
77	24958.0
78	19956.5
79	16047.0
80	13006.0
81	10320.0
82	8197.5
83	6618.5
84	5296.0
85	4104.0
86	3178.0
87	2522.0
88	1935.0
89	1462.0
90	1043.5
91	727.0
92	538.0
93	368.0
94	224.0
95	126.0
96	83.5
97	46.5
98	27.5
99	75.5
100	148.5
>>END_MODULE
>>Per base N content	pass
#Base	N-Count
1	0.01879036325122069
2	0.012972749704596545
3	0.002447381799488286
4	2.032709135787613E-5
5	1.8294382222088515E-4
6	0.004130464963920429
7	0.0
8	0.0
9	0.0
10-14	0.0
15-19	0.0
20-24	0.0
25-29	2.0896249915896658E-4
30-34	2.032709135787613E-5
35-39	8.130836543150452E-7
40-44	0.0010854666785105852
45-49	8.781303466602487E-5
50-54	5.854202311068325E-5
55-59	3.252334617260181E-5
60-64	0.0450123111028809
65-69	0.0024815313129695174
70-74	0.06164962883747536
75-79	0.0
80-84	0.019241624679365545
85-89	0.07746979749948318
90-94	0.023171257980670157
95-99	0.044556171172810154
100-101	0.04458137676609392
>>END_MODULE
>>Sequence Length Distribution	pass
#Length	Count
101	2.4597715E7
>>END_MODULE
>>Sequence Duplication Levels	warn
#Total Duplicate Percentage	28.6280756456314
#Duplication Level	Relative count
1	100.0
2	11.288522721876632
3	3.1085284201529038
4	1.326036373996866
5	0.7330594995014008
6	0.5365876822261266
7	0.35732940785412415
8	0.28313310223657345
9	0.22021463507289046
10++	0.8606771451635881
>>END_MODULE
>>Overrepresented sequences	pass
>>END_MODULE
>>Kmer Content	warn
#Sequence	Count	Obs/Exp Overall	Obs/Exp Max	Max Obs/Exp Position
GAAGA	10903420	4.074607	6.8596497	85-89
GGAAG	10392205	4.041746	6.897783	85-89
CAGCA	8860315	3.8654406	7.0882025	90-94
AGATC	8661300	3.568376	6.4646783	80-84
AAGAG	9311805	3.47982	6.2799273	85-89
AGCAG	8368440	3.44707	6.6711984	95-97
CAGGA	8290145	3.414819	6.5182595	95-97
AGAGC	8229830	3.3899746	6.6043463	90-94
GCAGG	7890545	3.3826022	7.0698104	95-97
TCAGC	7432860	3.3754063	6.924301	95-97
TTCAG	7826745	3.3565185	6.141187	85-89
AGGAA	8223405	3.0730855	5.9236054	95-97
GATCG	6983380	2.994274	6.228954	85-89
ATCGG	6848280	2.9363472	6.273501	85-89
TCGGA	6755910	2.8967416	6.1866584	85-89
CGGAA	6738320	2.775602	5.9517384	85-89
GTTCA	6311780	2.7068222	5.559932	85-89
ATGCC	5906155	2.6820998	8.463917	95-97
GGTTC	5940415	2.6513255	5.6863217	90-94
GAGCG	6169815	2.6449416	6.461252	95-97
AGCGG	6103245	2.6164036	6.419534	95-97
GAATG	6089895	2.3689346	5.479169	95-97
GCGGT	5114530	2.2822857	5.549589	95-97
GGAAT	5820830	2.2642698	5.28509	90-94
GGGGG	5177750	2.181118	5.5310445	95-97
CGGTT	4811980	2.1476822	5.2913384	90-94
AATGC	5114095	2.1069598	5.4492517	95-97
TGCCG	4353265	2.057423	8.430002	95-97
GAGAC	4614755	1.9008778	5.210779	95-97
AGACC	4304590	1.8779396	5.2700315	95-97
CCGAG	3734065	1.6953915	5.8683014	95-97
GCCGA	3376425	1.533011	5.2494245	95-97
CGAGA	3481085	1.4339042	5.1261387	95-97
GACCG	2684345	1.2187834	5.1021676	95-97
>>END_MODULE
