##FastQC	0.10.1
>>Basic Statistics	pass
#Measure	Value	
Filename	ERR361060_1.fastq	
File type	Conventional base calls	
Encoding	Sanger / Illumina 1.9	
Total Sequences	73852764	
Filtered Sequences	0	
Sequence length	101	
%GC	48	
>>END_MODULE
>>Per base sequence quality	pass
#Base	Mean	Median	Lower Quartile	Upper Quartile	10th Percentile	90th Percentile
1	31.467810859455444	31.0	31.0	34.0	30.0	34.0
2	31.215929128935514	31.0	31.0	34.0	28.0	34.0
3	29.338937551477425	31.0	30.0	34.0	16.0	34.0
4	33.992843517677954	35.0	33.0	37.0	28.0	37.0
5	34.849251044957505	35.0	35.0	37.0	32.0	37.0
6	35.211789297418846	37.0	35.0	37.0	32.0	37.0
7	35.3999958214157	37.0	35.0	37.0	33.0	37.0
8	35.43754095649013	37.0	35.0	37.0	33.0	37.0
9	37.05728542536336	39.0	37.0	39.0	33.0	39.0
10-14	37.24940256806096	39.2	37.0	39.4	33.0	39.4
15-19	38.102223074548704	40.0	37.0	41.0	33.0	41.0
20-24	37.926194908561584	39.8	37.0	41.0	32.8	41.0
25-29	37.57729781379611	39.0	36.6	40.8	32.0	41.0
30-34	37.545350375782824	39.0	36.4	41.0	32.0	41.0
35-39	37.293193941935606	39.0	36.0	40.6	31.0	41.0
40-44	37.272117485000294	39.0	36.0	41.0	31.0	41.0
45-49	37.018051329805346	39.0	35.2	40.2	31.0	41.0
50-54	36.59608397594976	38.2	35.0	40.0	30.2	41.0
55-59	36.03353880160802	37.8	34.2	40.0	29.4	41.0
60-64	35.31197542721624	36.6	33.6	39.6	28.2	41.0
65-69	34.508124711486765	35.6	33.0	38.8	27.8	40.4
70-74	33.619281702171634	35.0	32.0	37.4	26.2	39.6
75-79	32.463829583954364	34.2	31.2	36.0	25.8	38.6
80-84	32.33714435386602	34.0	31.4	35.2	26.0	37.0
85-89	31.60079910617834	34.0	31.0	35.0	25.0	36.0
90-94	30.842545500395897	34.0	30.6	35.0	23.6	35.2
95-99	29.80105741743126	34.0	29.8	35.0	15.8	35.0
100-101	27.620253738912197	32.5	27.0	34.5	2.0	35.0
>>END_MODULE
>>Per sequence quality scores	pass
#Quality	Count
2	18.0
3	72.0
4	120.0
5	336.0
6	742.0
7	1822.0
8	4148.0
9	6863.0
10	10595.0
11	15585.0
12	22328.0
13	31703.0
14	43356.0
15	58117.0
16	75303.0
17	95724.0
18	119054.0
19	142986.0
20	171166.0
21	204488.0
22	251211.0
23	323236.0
24	433445.0
25	593511.0
26	809528.0
27	1092897.0
28	1453440.0
29	1886068.0
30	2399283.0
31	3016793.0
32	3770142.0
33	4757237.0
34	6120931.0
35	8106562.0
36	1.1007904E7
37	1.3852836E7
38	1.1129068E7
39	1843753.0
40	393.0
>>END_MODULE
>>Per base sequence content	fail
#Base	G	A	T	C
1	26.242145416932793	15.109018221767133	14.270735468737708	44.37810089256236
2	21.030669448698987	22.05072449491713	38.20092715905227	18.71767889733162
3	23.845694704768654	25.737894890495927	27.323394568086595	23.093015836648828
4	24.46060380353537	33.11474029597593	20.620659505715995	21.803996394772714
5	25.760867934475684	32.988948118448214	21.252420559371345	19.997763387704758
6	19.94876996072889	33.149765389958866	23.047543623418075	23.85392102589417
7	18.78755546644131	14.789320545944632	41.2331351606556	25.18998882695846
8	20.593059997050347	20.150651368986	27.763949362815993	31.492339271147657
9	19.773381805994426	20.1992155635502	31.16427572026959	28.863126910185787
10-14	23.70330681786916	25.650634657460024	25.39774360744201	25.248314917228814
15-19	23.897130241462595	25.686344792728406	25.926386181023638	24.49013878478536
20-24	23.87586385742636	26.285069342166985	25.880449901705767	23.958616898700893
25-29	23.941071644029453	26.23627747687315	25.874531145371876	23.948119733725523
30-34	23.76984686688577	26.24601618437171	26.039005078329335	23.945131870413185
35-39	23.948722894108606	26.231709350783404	25.891839877516297	23.92772787759169
40-44	23.915980179157547	26.105292958297404	26.000291065612657	23.97843579693239
45-49	23.910125557386046	26.097673473669854	25.982665726634146	24.00953524230996
50-54	23.94510325977779	26.11847729896744	25.98768300669153	23.948736434563234
55-59	23.983610417072544	26.06135174575186	25.95571345169965	23.999324385475944
60-64	23.885427525801358	26.114534696328906	26.034117391851513	23.965920386018226
65-69	23.96492700347788	26.177137447804803	26.009220348211535	23.84871520050578
70-74	24.03407975360272	26.138116374358038	25.971702291331983	23.856101580707257
75-79	23.95731052124197	26.094675075397312	26.051846346603902	23.89616805675682
80-84	23.959176416113202	26.171801152645934	26.0591293410712	23.809893090169666
85-89	24.02988756782208	26.13929542522058	25.9487408527819	23.88207615417544
90-94	23.974771208292218	26.138775794498358	26.028010271897205	23.85844272531222
95-99	24.052818388760645	26.182818289644516	25.988051036248283	23.776312285346556
100-101	24.27484704567049	26.280274357774886	25.739199821959268	23.705678774595356
>>END_MODULE
>>Per base GC content	fail
#Base	%GC
1	70.62024630949516
2	39.7483483460306
3	46.93871054141748
4	46.26460019830808
5	45.758631322180435
6	43.80269098662306
7	43.977544293399774
8	52.08539926819801
9	48.63650871618021
10-14	48.951621735097966
15-19	48.38726902624796
20-24	47.83448075612725
25-29	47.889191377754976
30-34	47.71497873729895
35-39	47.8764507717003
40-44	47.89441597608994
45-49	47.919660799696004
50-54	47.893839694341025
55-59	47.982934802548485
60-64	47.85134791181959
65-69	47.81364220398366
70-74	47.89018133430998
75-79	47.853478577998786
80-84	47.76906950628287
85-89	47.911963721997516
90-94	47.83321393360443
95-99	47.8291306741072
100-101	47.98052582026585
>>END_MODULE
>>Per sequence GC content	pass
#GC Content	Count
0	0.0
1	0.0
2	0.0
3	0.5
4	1.0
5	2.5
6	4.0
7	4.5
8	13.5
9	25.0
10	25.5
11	43.0
12	59.5
13	103.5
14	228.0
15	557.5
16	1432.0
17	3305.5
18	6576.0
19	12499.0
20	22960.0
21	39658.5
22	64505.0
23	100351.0
24	148657.5
25	211244.5
26	287919.5
27	376674.5
28	475196.5
29	583295.5
30	699178.5
31	818253.5
32	940628.5
33	1070259.5
34	1212191.0
35	1374930.5
36	1546438.5
37	1716681.0
38	1891327.5
39	2068119.5
40	2213985.5
41	2329703.5
42	2423288.0
43	2477573.0
44	2502097.5
45	2534663.5
46	2551210.0
47	2515266.5
48	2455128.5
49	2397539.5
50	2392687.5
51	2396551.0
52	2368208.5
53	2332214.0
54	2259529.0
55	2159527.5
56	2049359.5
57	1931910.5
58	1831268.0
59	1750116.0
60	1655138.5
61	1536419.0
62	1404893.5
63	1271308.5
64	1142432.5
65	1004809.0
66	856471.5
67	720167.0
68	603943.5
69	491610.0
70	384041.5
71	293663.0
72	227596.0
73	177684.0
74	138636.0
75	105162.0
76	78311.0
77	59426.5
78	46423.0
79	37204.5
80	27807.0
81	18198.0
82	11307.0
83	7096.0
84	4097.5
85	2096.5
86	1048.0
87	426.5
88	118.5
89	33.5
90	12.5
91	4.0
92	0.5
93	0.0
94	0.0
95	0.0
96	0.0
97	0.0
98	0.0
99	0.0
100	0.0
>>END_MODULE
>>Per base N content	pass
#Base	N-Count
1	0.039894241466710716
2	3.7777868408554076E-4
3	0.0034446916570380496
4	0.0
5	0.0
6	0.0
7	0.0
8	0.0
9	0.0
10-14	1.624854555206627E-5
15-19	0.0
20-24	1.3540454626721891E-5
25-29	1.738594374071091E-4
30-34	1.5436118274462956E-5
35-39	0.0
40-44	0.0
45-49	0.0
50-54	0.0
55-59	0.0
60-64	3.520518202947692E-6
65-69	4.993719666335034E-4
70-74	0.0
75-79	0.0
80-84	5.659910033969751E-5
85-89	1.3269645534187453E-5
90-94	0.0
95-99	0.0
100-101	0.0
>>END_MODULE
>>Sequence Length Distribution	pass
#Length	Count
101	7.3852764E7
>>END_MODULE
>>Sequence Duplication Levels	fail
#Total Duplicate Percentage	80.82011712905569
#Duplication Level	Relative count
1	100.0
2	23.575766741755487
3	10.757866416193714
4	6.0766224359025385
5	3.8295298060161267
6	2.663397782359169
7	1.8737711834051054
8	1.4144823249408973
9	1.12235232311011
10++	7.88512206576507
>>END_MODULE
>>Overrepresented sequences	pass
>>END_MODULE
>>Kmer Content	warn
#Sequence	Count	Obs/Exp Overall	Obs/Exp Max	Max Obs/Exp Position
AAAAA	21208580	2.5233786	7.841823	2
GAAGA	17619040	2.4911556	5.0354905	2
CCAGG	15322550	2.4836583	5.3133607	8
TCTTC	18293005	2.4612803	5.39719	7
CCAGC	14974455	2.384015	5.6014233	8
CTGGG	14314180	2.3515332	6.497365	1
TTTTT	20105550	2.3382556	5.633236	2
CTGGA	15315575	2.3080437	7.693473	1
TCCAG	15333010	2.269527	7.6548095	7
CTTCA	16624710	2.247031	6.89241	1
CTCCA	14546180	2.1147258	6.5016227	6
TCCTG	14194295	2.0914273	5.4475994	7
CTGCC	12838635	2.034688	5.5830283	8
CTGGC	12502950	2.0174105	5.6501284	1
CAGAA	14488065	2.0119917	5.2994313	1
CCACC	12050730	1.8843803	5.2322264	8
AAAAT	15661280	1.854894	5.8223114	3
TTCCA	13231620	1.788414	5.4016466	6
CTCAG	12013140	1.7781339	6.2457304	1
CTTTG	12897920	1.7668453	7.302506	1
CTTTT	14124355	1.7668295	6.3580275	1
CTGAA	12702120	1.7559537	5.4271297	1
CAAAA	13692865	1.7443604	5.791222	1
CTTGG	11586805	1.7381825	6.5931025	1
TCTGC	11752055	1.7315805	5.708002	7
GGAAA	12201330	1.7251457	5.392486	1
TCCAC	10484920	1.5242993	5.4737477	7
TTTGA	11081880	1.4178205	5.3593383	2
CTTGA	9483650	1.3050686	5.1686254	1
ATCCA	9457925	1.2841918	6.077796	6
>>END_MODULE
