##FastQC	0.10.1
>>Basic Statistics	pass
#Measure	Value	
Filename	ERR361062_1.fastq	
File type	Conventional base calls	
Encoding	Sanger / Illumina 1.9	
Total Sequences	61570072	
Filtered Sequences	0	
Sequence length	101	
%GC	48	
>>END_MODULE
>>Per base sequence quality	pass
#Base	Mean	Median	Lower Quartile	Upper Quartile	10th Percentile	90th Percentile
1	31.439844572538423	31.0	31.0	34.0	30.0	34.0
2	31.181840992487388	31.0	31.0	34.0	28.0	34.0
3	29.28904776983207	31.0	30.0	34.0	16.0	34.0
4	33.94446685071279	35.0	33.0	37.0	28.0	37.0
5	34.818067940540985	35.0	35.0	37.0	32.0	37.0
6	35.18637746598704	37.0	35.0	37.0	32.0	37.0
7	35.37797607253082	37.0	35.0	37.0	33.0	37.0
8	35.41897370202848	37.0	35.0	37.0	33.0	37.0
9	37.03249897125344	39.0	37.0	39.0	33.0	39.0
10-14	37.22300014526538	39.2	37.0	39.4	33.0	39.4
15-19	38.067196913461466	40.0	37.0	41.0	33.0	41.0
20-24	37.88528334675327	39.6	37.0	41.0	32.8	41.0
25-29	37.52780249144422	39.0	36.2	40.6	32.0	41.0
30-34	37.49379455330181	39.0	36.0	41.0	31.8	41.0
35-39	37.23394086009839	39.0	36.0	40.2	31.0	41.0
40-44	37.20814361886729	39.0	36.0	40.8	31.0	41.0
45-49	36.944126224182426	39.0	35.0	40.0	31.0	41.0
50-54	36.51062167996165	38.0	35.0	40.0	30.0	41.0
55-59	35.93515315038125	37.8	34.0	40.0	29.4	41.0
60-64	35.20170374658649	36.6	33.4	39.6	28.0	41.0
65-69	34.39149693052169	35.4	32.8	38.8	27.6	40.2
70-74	33.50092868821072	35.0	32.0	37.4	26.0	39.6
75-79	32.35557110928829	34.0	30.8	35.8	25.8	38.2
80-84	32.2395353606213	34.0	31.0	35.2	25.8	37.0
85-89	31.505946746334814	34.0	31.0	35.0	24.8	36.0
90-94	30.744101270500387	34.0	30.4	35.0	23.6	35.0
95-99	29.687825338258495	34.0	29.8	35.0	14.6	35.0
100-101	27.486034732913744	32.5	27.0	34.5	2.0	35.0
>>END_MODULE
>>Per sequence quality scores	pass
#Quality	Count
2	10.0
3	63.0
4	134.0
5	311.0
6	717.0
7	1689.0
8	3491.0
9	5826.0
10	9011.0
11	13370.0
12	19269.0
13	26957.0
14	37355.0
15	49454.0
16	64668.0
17	81851.0
18	101704.0
19	122128.0
20	146511.0
21	174191.0
22	215659.0
23	278320.0
24	372348.0
25	507513.0
26	693624.0
27	938152.0
28	1243985.0
29	1614029.0
30	2050369.0
31	2573701.0
32	3221148.0
33	4051701.0
34	5204316.0
35	6860304.0
36	9227292.0
37	1.140797E7
38	8863462.0
39	1387178.0
40	291.0
>>END_MODULE
>>Per base sequence content	fail
#Base	G	A	T	C
1	26.768273629116297	14.602370902420583	16.594786377791074	42.03456909067205
2	21.76130715119506	21.801118836337185	36.80302813082433	19.634545881643426
3	24.52675547343196	25.453285264350466	27.245738595596563	22.774220666621005
4	24.887909827358982	32.77391489813428	20.18479530119763	22.15337997330911
5	26.018868387875198	32.81736945183368	20.702548471926427	20.461213688364698
6	20.03910926074603	33.12537623798783	22.113133146896434	24.722381354369702
7	18.659695574174414	14.32013430161329	41.37273706615123	25.647433058061065
8	20.793475765303636	19.810074284142466	26.97742987859426	32.419020071959636
9	19.86674467426317	19.94932700419775	30.588028222542928	29.595900098996147
10-14	23.80919939396129	25.346974729772963	25.291463658500696	25.552362217765058
15-19	24.04920137173138	25.48838435660754	25.78776519865041	24.674649073010666
20-24	24.048523929970866	26.124998864302025	25.691957591613196	24.134519614113913
25-29	24.143664561478158	26.086149733779646	25.67944889084344	24.090736813898758
30-34	23.91501694581667	26.096506998864044	25.928152452921804	24.06032360239748
35-39	24.133422888098693	26.039144232409356	25.728291257246838	24.099141622245114
40-44	24.106891413087837	25.913619526058053	25.837012176955064	24.142476883899047
45-49	24.096111175572442	25.918814257680257	25.818892659407645	24.166181907339656
50-54	24.13554007213115	25.925916409517924	25.82352997735653	24.115013540994397
55-59	24.171687504279678	25.87971246809651	25.784299878681317	24.16430014894249
60-64	24.073400574620766	25.947754834717706	25.87062027691364	24.10822431374788
65-69	24.162132572884104	25.97874513839031	25.835374158591712	24.023748130133875
70-74	24.207074502040538	25.957462580196434	25.811929536155166	24.02353338160787
75-79	24.127939951085324	25.903963211217295	25.89032379237757	24.077773045319812
80-84	24.14759641657385	25.994248553055925	25.8612952461318	23.996859784238428
85-89	24.22048733221883	25.939852438874023	25.779459882388757	24.0602003465184
90-94	24.159089500496282	25.959283594795863	25.85423775369306	24.0273891510148
95-99	24.267226453787483	25.98165907618234	25.79584704724724	23.95526742278294
100-101	24.505130512109844	26.103303890890366	25.526293034057197	23.865272562942593
>>END_MODULE
>>Per base GC content	fail
#Base	%GC
1	68.80284271978834
2	41.39585303283849
3	47.30097614005297
4	47.04128980066809
5	46.480082076239896
6	44.76149061511573
7	44.30712863223548
8	53.212495837263276
9	49.46264477325932
10-14	49.361561611726344
15-19	48.72385044474205
20-24	48.18304354408478
25-29	48.23440137537692
30-34	47.97534054821415
35-39	48.232564510343806
40-44	48.24936829698689
45-49	48.2622930829121
50-54	48.25055361312555
55-59	48.33598765322217
60-64	48.181624888368646
65-69	48.18588070301798
70-74	48.23060788364841
75-79	48.20571299640514
80-84	48.14445620081227
85-89	48.28068767873723
90-94	48.18647865151108
95-99	48.22249387657042
100-101	48.37040307505244
>>END_MODULE
>>Per sequence GC content	pass
#GC Content	Count
0	0.0
1	0.0
2	0.0
3	0.0
4	0.5
5	1.0
6	2.0
7	4.0
8	11.5
9	19.5
10	21.0
11	45.0
12	70.0
13	98.5
14	193.5
15	463.5
16	1138.0
17	2478.0
18	4786.0
19	9500.0
20	17461.5
21	29669.0
22	48751.0
23	77075.0
24	113321.5
25	159686.5
26	218433.0
27	286531.0
28	363026.5
29	447363.0
30	538775.0
31	636678.5
32	735964.5
33	843880.0
34	967556.5
35	1104998.0
36	1251067.0
37	1397508.0
38	1546816.0
39	1700833.5
40	1830495.5
41	1924207.5
42	1995461.5
43	2043271.5
44	2066198.5
45	2089906.0
46	2098803.0
47	2069608.0
48	2024451.0
49	1984040.0
50	1978210.0
51	1981321.0
52	1970971.0
53	1953391.0
54	1901567.0
55	1822856.5
56	1737429.0
57	1644673.5
58	1562312.5
59	1499607.0
60	1426177.0
61	1331510.0
62	1226146.5
63	1119129.0
64	1011021.5
65	890335.5
66	761630.5
67	642488.5
68	539637.5
69	441464.0
70	349590.5
71	272328.0
72	213215.5
73	167087.0
74	129592.0
75	98172.5
76	73211.0
77	55357.5
78	42907.5
79	33736.0
80	25084.5
81	16230.0
82	9759.0
83	5847.5
84	3121.5
85	1424.5
86	584.0
87	193.5
88	56.5
89	16.0
90	7.0
91	2.5
92	0.0
93	0.0
94	0.0
95	0.0
96	0.0
97	0.0
98	0.0
99	0.0
100	0.0
>>END_MODULE
>>Per base N content	pass
#Base	N-Count
1	0.03934379027524931
2	3.394506343926315E-4
3	0.0035163187725361115
4	0.0
5	0.0
6	0.0
7	0.0
8	0.0
9	0.0
10-14	1.9165155434607904E-5
15-19	0.0
20-24	8.770494859905312E-6
25-29	1.6046757262197126E-4
30-34	1.461749143317552E-5
35-39	3.2483314295945597E-7
40-44	0.0
45-49	0.0
50-54	0.0
55-59	0.0
60-64	5.846996573270208E-6
65-69	4.706832241482517E-4
70-74	0.0
75-79	0.0
80-84	5.717063316086426E-5
85-89	1.2668492575418786E-5
90-94	0.0
95-99	0.0
100-101	0.0
>>END_MODULE
>>Sequence Length Distribution	pass
#Length	Count
101	6.1570072E7
>>END_MODULE
>>Sequence Duplication Levels	fail
#Total Duplicate Percentage	80.72262969575142
#Duplication Level	Relative count
1	100.0
2	23.451241417385287
3	10.376896339898758
4	5.634394220974627
5	3.399609651407821
6	2.262000108862157
7	1.618158207817858
8	1.1609371476559645
9	0.9579869831963485
10++	6.6561433248057975
>>END_MODULE
>>Overrepresented sequences	pass
>>END_MODULE
>>Kmer Content	warn
#Sequence	Count	Obs/Exp Overall	Obs/Exp Max	Max Obs/Exp Position
GAAGA	14921190	2.5478992	5.0140715	2
AAAAA	17151470	2.542957	8.144015	2
TCTTC	15566525	2.525584	5.6058207	7
CCAGG	13097760	2.4886234	5.616434	8
CCAGC	12757035	2.382501	5.7561364	8
TTTTT	16246780	2.3427186	5.151919	2
CTGGG	12174790	2.3403752	5.998491	1
CTGGA	12870170	2.3053546	7.013272	1
TCCAG	12968885	2.2833753	8.109271	7
CTTCA	13983980	2.2814863	6.5922384	1
CTCCA	12269040	2.1232755	7.0772586	6
TCCTG	11983090	2.0981014	5.722074	7
CTGCC	10924400	2.0289152	5.674019	8
CTGGC	10588750	2.0007365	5.1968393	1
GAAAA	12303860	1.9577155	5.024834	1
CCACC	10335445	1.8972899	5.7077184	8
AAAAT	12647975	1.8648405	6.135165	3
TCTCC	10747900	1.8497049	5.098617	7
TTCCA	11051260	1.8030133	5.511368	6
CTTTT	11582200	1.7715462	5.410814	1
CTTTG	10732350	1.7715108	6.7298307	1
CTCAG	10012135	1.7627931	5.4588537	1
CAAAA	11207650	1.7528466	5.538611	1
TCTGC	9900820	1.7335199	5.8717837	7
CTTGG	9694965	1.726962	6.1364145	1
GGAAA	9990365	1.7059257	5.133696	1
TCCAC	8848435	1.5313069	5.9456744	7
TTTGA	9185240	1.4373014	5.433541	2
TCCAA	8190085	1.3436697	5.159006	7
ATCCA	7889085	1.2942876	6.6559305	6
>>END_MODULE
