##FastQC	0.10.1
>>Basic Statistics	pass
#Measure	Value	
Filename	ERR361059_2.fastq	
File type	Conventional base calls	
Encoding	Sanger / Illumina 1.9	
Total Sequences	24597715	
Filtered Sequences	0	
Sequence length	101	
%GC	48	
>>END_MODULE
>>Per base sequence quality	fail
#Base	Mean	Median	Lower Quartile	Upper Quartile	10th Percentile	90th Percentile
1	33.55231004180673	34.0	34.0	34.0	34.0	34.0
2	33.5117807080861	34.0	34.0	34.0	34.0	34.0
3	33.50402636992908	34.0	34.0	34.0	34.0	34.0
4	33.5005703985106	34.0	34.0	34.0	34.0	34.0
5	33.49664926193348	34.0	34.0	34.0	34.0	34.0
6	33.49177254879162	34.0	34.0	34.0	34.0	34.0
7	33.464669218258685	34.0	34.0	34.0	34.0	34.0
8	33.4395914010712	34.0	34.0	34.0	34.0	34.0
9	33.42736994066319	34.0	34.0	34.0	34.0	34.0
10-14	33.36260564040196	34.0	34.0	34.0	33.4	34.0
15-19	33.29061575028412	34.0	34.0	34.0	33.0	34.0
20-24	33.21995599997804	34.0	34.0	34.0	33.0	34.0
25-29	33.11092133557935	34.0	34.0	34.0	33.0	34.0
30-34	32.96252699082008	34.0	34.0	34.0	32.6	34.0
35-39	32.75572850567624	34.0	34.0	34.0	32.0	34.0
40-44	32.480551555296906	34.0	34.0	34.0	31.2	34.0
45-49	32.13605509292225	34.0	33.4	34.0	30.6	34.0
50-54	31.717318694033168	34.0	33.0	34.0	29.0	34.0
55-59	31.099894408891238	34.0	32.4	34.0	26.6	34.0
60-64	30.38712484472643	34.0	31.6	34.0	22.6	34.0
65-69	29.639938099941396	33.6	31.0	34.0	16.0	34.0
70-74	28.678944479192477	33.0	29.8	34.0	2.6	34.0
75-79	27.54730762593192	33.0	28.4	34.0	2.0	34.0
80-84	26.094988863803003	32.2	25.4	34.0	2.0	34.0
85-89	24.388280342300085	31.4	16.2	33.4	2.0	34.0
90-94	22.359412953601584	30.4	2.0	33.0	2.0	34.0
95-99	20.011249240020874	28.2	2.0	33.0	2.0	34.0
100-101	17.919495611685882	23.5	2.0	32.0	2.0	34.0
>>END_MODULE
>>Per sequence quality scores	pass
#Quality	Count
2	135352.0
3	20768.0
4	33514.0
5	28632.0
6	35347.0
7	37227.0
8	42744.0
9	56077.0
10	61218.0
11	72457.0
12	83585.0
13	90439.0
14	112548.0
15	134658.0
16	150639.0
17	181509.0
18	216302.0
19	245053.0
20	295201.0
21	333193.0
22	378816.0
23	461497.0
24	530866.0
25	600520.0
26	718071.0
27	794432.0
28	918245.0
29	1123390.0
30	1328984.0
31	1966548.0
32	3630803.0
33	9729340.0
34	49740.0
>>END_MODULE
>>Per base sequence content	pass
#Base	G	A	T	C
1	21.46653575126942	27.362815865758716	26.21992770102979	24.950720681942073
2	23.250094417958262	29.312591320329588	24.49981453869453	22.937499723017616
3	23.66153889688115	27.572799618539722	25.22080005828588	23.54486142629324
4	26.197326982430702	25.982721367360963	24.0603416523994	23.759609997808937
5	24.682164113393515	27.877101478223043	25.44857302513564	21.9921613832478
6	25.373997432379614	26.89881170515509	22.994208177600168	24.73298268486513
7	23.861998770525013	26.225077183685112	26.173592257844508	23.739331787945364
8	23.907911097118692	26.168543988791033	25.955591002773946	23.96795391131633
9	23.448874466433402	26.074204048428605	26.01382785895039	24.4630936261876
10-14	23.555801694412825	26.49538869372765	25.903433306929486	24.045376304930038
15-19	23.16545637242136	26.108774034772313	26.510225381254255	24.215544211552075
20-24	23.34110224006034	25.99669227777458	26.453576227682053	24.20862925448303
25-29	23.459305905277603	26.051661152670764	26.34529012437703	24.143742817674603
30-34	23.58698862794822	26.058539309712575	26.236680303276394	24.11779175906281
35-39	23.695686081561792	26.112153353324572	26.1427971146957	24.04936345041793
40-44	23.86051225723871	26.210246738427006	25.99014703040371	23.93909397393057
45-49	24.085037520371557	26.297666251061617	25.780348679060396	23.83694754950643
50-54	24.377984778288887	26.345343917652208	25.595386639748458	23.681284664310443
55-59	24.765715644655337	26.40212129982247	25.370036158423563	23.462126897098635
60-64	25.268377687919152	26.479397204284133	25.065499159175857	23.18672594862086
65-69	25.7890753007888	26.57642838621675	24.793328867589167	22.841167445405286
70-74	26.34918818278621	26.625343466354323	24.53350197205136	22.491966378808105
75-79	26.954012703951634	26.561733195048514	24.306566786462433	22.17768731453742
80-84	27.603146505631358	26.39951003696302	24.097666611037717	21.899676846367907
85-89	28.190077111622973	26.196091526255298	23.885280162405774	21.728551199715955
90-94	28.66712746583514	25.954542480709865	23.74174554631697	21.636584507138025
95-99	28.989198720757088	25.931206132630003	23.594599178801605	21.48499596781131
100-101	30.178664885618673	25.598758028592705	22.858236665261128	21.364340420527498
>>END_MODULE
>>Per base GC content	pass
#Base	%GC
1	46.4172564332115
2	46.18759414097588
3	47.2064003231744
4	49.95693698023963
5	46.674325496641316
6	50.106980117244746
7	47.60133055847037
8	47.87586500843502
9	47.911968092621
10-14	47.601177999342866
15-19	47.38100058397343
20-24	47.549731494543366
25-29	47.60304872295221
30-34	47.704780387011034
35-39	47.745049531979724
40-44	47.799606231169285
45-49	47.921985069877984
50-54	48.05926944259934
55-59	48.22784254175397
60-64	48.45510363654001
65-69	48.630242746194085
70-74	48.841154561594315
75-79	49.13170001848905
80-84	49.50282335199926
85-89	49.91862831133893
90-94	50.30371197297316
95-99	50.474194688568396
100-101	51.54300530614617
>>END_MODULE
>>Per sequence GC content	pass
#GC Content	Count
0	913.0
1	559.0
2	167.0
3	119.0
4	96.0
5	87.5
6	88.0
7	85.0
8	91.5
9	116.5
10	126.5
11	140.5
12	176.0
13	222.0
14	311.0
15	478.5
16	741.5
17	1123.5
18	1761.0
19	2882.0
20	4689.5
21	7401.5
22	11345.5
23	17057.0
24	25288.5
25	35914.0
26	49609.5
27	67445.5
28	89430.5
29	115788.0
30	146723.5
31	182627.0
32	224332.5
33	272887.5
34	326936.0
35	385802.5
36	449010.5
37	516497.0
38	587723.5
39	658827.0
40	728237.0
41	792374.5
42	846777.0
43	892330.5
44	926865.0
45	950060.5
46	965698.5
47	972411.5
48	970086.5
49	960346.0
50	943751.5
51	919527.5
52	886876.5
53	851461.5
54	815269.5
55	777268.5
56	736732.0
57	691556.0
58	640933.0
59	587336.5
60	532888.5
61	476065.5
62	418873.5
63	364113.5
64	313274.0
65	266039.0
66	224209.0
67	187707.0
68	154902.0
69	126823.5
70	103107.0
71	82855.0
72	66001.5
73	52512.0
74	41374.5
75	32370.5
76	25420.5
77	19829.5
78	15547.5
79	12281.5
80	9620.0
81	7483.0
82	5701.0
83	4388.5
84	3400.5
85	2590.0
86	1997.0
87	1456.0
88	1051.5
89	780.5
90	550.0
91	367.5
92	257.0
93	183.5
94	120.5
95	80.5
96	56.5
97	46.0
98	39.5
99	46.0
100	135.0
>>END_MODULE
>>Per base N content	pass
#Base	N-Count
1	0.02752288169856428
2	0.009301677005364117
3	0.00693966898957891
4	0.009618779630546984
5	0.02285171610452434
6	0.002524624746648215
7	9.106536928328505E-4
8	0.0010854666785105852
9	0.0010976629333253108
10-14	0.005287483004010738
15-19	0.0014765599162361218
20-24	1.0570087506095586E-5
25-29	2.4392509629451354E-5
30-34	3.171026251828676E-5
35-39	8.634948408825779E-4
40-44	5.520838012799156E-4
45-49	0.04566033877536999
50-54	0.011033545189055163
55-59	0.049537934722798445
60-64	0.08873588461367245
65-69	0.07686648942798142
70-74	0.055779164853320726
75-79	0.06342052503657351
80-84	0.26394972053298443
85-89	0.24419016156582027
90-94	0.1547468941728937
95-99	0.14279537753811686
100-101	0.06173134374473402
>>END_MODULE
>>Sequence Length Distribution	pass
#Length	Count
101	2.4597715E7
>>END_MODULE
>>Sequence Duplication Levels	warn
#Total Duplicate Percentage	28.333071591376935
#Duplication Level	Relative count
1	100.0
2	11.1514498246944
3	3.038235572822894
4	1.2964322941343693
5	0.7497867904861177
6	0.5146640765659054
7	0.36304842224959727
8	0.2671041410025585
9	0.2203164976783853
10++	0.8486923149815219
>>END_MODULE
>>Overrepresented sequences	pass
>>END_MODULE
>>Kmer Content	fail
#Sequence	Count	Obs/Exp Overall	Obs/Exp Max	Max Obs/Exp Position
AAGAG	12414560	4.4667897	10.401469	95-97
AGATC	10655465	4.366934	10.50445	95-97
GAAGA	11078360	3.9860225	6.8643413	85-89
GGAAG	10541510	3.9476154	6.8859754	85-89
AGAGC	8328220	3.4002311	6.6907988	90-94
TGTAG	8126130	3.1913874	9.325643	95-97
GTGTA	7658485	3.007728	8.869735	90-94
GATCG	6986335	2.9800355	6.2107434	80-84
ATCGG	6839855	2.9175537	6.2227926	85-89
TCGGA	6773710	2.8893394	6.170676	85-89
CGGAA	6806740	2.779044	5.9890633	85-89
AAAGA	8018115	2.7718437	5.4707003	95-97
GAGCG	6195950	2.6328852	6.4192276	95-97
AGGGA	7022480	2.629799	5.6179657	95-97
GCGTC	5417275	2.6220734	6.6202507	90-94
GGAAA	7228815	2.6009464	5.3409395	90-94
GGGAA	6915305	2.5896635	5.9157887	95-97
GAAAG	6934480	2.4950435	5.363669	95-97
CGTCG	5026505	2.4329326	6.489837	90-94
AGCGT	5629550	2.4012957	5.8534875	90-94
TCGTG	5108330	2.276495	5.8963475	95-97
CGTGT	5050160	2.250572	5.912398	90-94
GTCGT	4982770	2.2205398	5.826315	90-94
GTAGG	5332985	2.0864987	5.383024	95-97
ATCTC	4293380	2.0042112	5.358278	95-97
TAGGG	5070715	1.9838874	5.333999	95-97
TAGAT	5212370	1.9668138	5.643514	95-97
CTCGG	2640310	1.2779647	5.047656	95-97
TCTCG	2521280	1.2249912	5.0346327	95-97
>>END_MODULE
