##FastQC	0.10.1
>>Basic Statistics	pass
#Measure	Value	
Filename	ERR361060_2.fastq	
File type	Conventional base calls	
Encoding	Sanger / Illumina 1.9	
Total Sequences	73852764	
Filtered Sequences	0	
Sequence length	101	
%GC	48	
>>END_MODULE
>>Per base sequence quality	pass
#Base	Mean	Median	Lower Quartile	Upper Quartile	10th Percentile	90th Percentile
1	31.492639760916735	31.0	31.0	34.0	30.0	34.0
2	31.555689655704693	31.0	31.0	34.0	28.0	34.0
3	31.58691080268844	31.0	31.0	34.0	28.0	34.0
4	35.182885490920825	37.0	35.0	37.0	32.0	37.0
5	35.179987454497976	37.0	35.0	37.0	32.0	37.0
6	35.13225962673516	37.0	35.0	37.0	32.0	37.0
7	35.16314312894234	37.0	35.0	37.0	32.0	37.0
8	35.16095944628423	37.0	35.0	37.0	32.0	37.0
9	36.65660308935763	39.0	37.0	39.0	32.0	39.0
10-14	36.8166088814225	39.2	36.2	39.4	32.0	39.4
15-19	37.513432388258344	39.2	36.4	41.0	31.8	41.0
20-24	37.30493761614663	39.0	36.0	41.0	31.0	41.0
25-29	37.124087133692115	39.0	36.0	40.8	30.8	41.0
30-34	36.76833507815631	38.6	35.6	40.0	30.0	41.0
35-39	36.6537038532505	38.6	35.0	40.0	30.0	41.0
40-44	36.613129220187346	38.8	35.0	40.0	30.0	41.0
45-49	36.46254772807149	38.2	35.0	40.0	29.8	41.0
50-54	35.64789269363026	37.8	33.8	39.6	28.4	40.6
55-59	35.81899685975193	38.0	34.0	40.0	28.4	41.0
60-64	35.187573540240145	36.8	33.6	39.8	27.8	41.0
65-69	34.37365597311971	35.6	32.8	39.0	26.4	40.8
70-74	33.45336857534541	35.0	32.0	37.6	26.0	39.8
75-79	32.492602113036696	34.8	31.0	36.4	25.2	38.8
80-84	31.58702682813605	34.0	30.8	35.2	23.8	37.2
85-89	30.787130339495484	34.0	30.0	35.0	21.8	36.0
90-94	29.843046004344536	34.0	29.2	35.0	18.2	35.2
95-99	28.67903560657527	33.8	29.0	35.0	4.6	35.0
100-101	26.89722389401702	32.0	26.0	34.5	2.0	35.0
>>END_MODULE
>>Per sequence quality scores	pass
#Quality	Count
2	819.0
3	843.0
4	1364.0
5	2443.0
6	4279.0
7	6992.0
8	11560.0
9	18015.0
10	26807.0
11	37164.0
12	48723.0
13	61898.0
14	75694.0
15	92147.0
16	114882.0
17	143036.0
18	178182.0
19	220924.0
20	275877.0
21	344453.0
22	434635.0
23	552041.0
24	703671.0
25	891319.0
26	1120014.0
27	1392401.0
28	1713276.0
29	2098350.0
30	2557063.0
31	3117888.0
32	3819138.0
33	4718263.0
34	5926035.0
35	7624896.0
36	9973179.0
37	1.2392365E7
38	1.0834249E7
39	2316759.0
40	1120.0
>>END_MODULE
>>Per base sequence content	fail
#Base	G	A	T	C
1	25.897395033036002	14.188539466906857	13.502535314861625	46.41153018519552
2	20.203203774558897	21.729894137202344	38.8225019938997	19.24440009433906
3	22.83597153616663	25.592378519431175	27.33739847718846	24.23425146721373
4	23.97923689708024	32.97324196700737	20.020232696044392	23.027288439868
5	25.728161669678194	32.77860145616288	21.267811306930597	20.225425567228324
6	20.093743546280812	32.737038792481755	22.971910706009595	24.197306955227837
7	18.840739664124147	14.717313762285187	40.94257460695716	25.499371966633504
8	20.601403625191335	20.11092502915666	27.584722489194853	31.70294885645715
9	19.707006497414234	20.14061247592575	31.112574202368375	29.03980682429164
10-14	23.661911963105403	25.49096984372853	25.359341730256702	25.487776462909363
15-19	23.848655789579958	25.56630081126437	25.891561581001433	24.693481818154243
20-24	23.808884960722526	26.196138086147432	25.87815820415968	24.116818748970367
25-29	23.798280860551134	26.168425327994495	25.87114193857389	24.16215187288048
30-34	23.628536908923273	26.195826333595313	26.02142852771225	24.154208229769168
35-39	23.799176426220146	26.196743293182635	25.89858491958405	24.105495361013162
40-44	23.75530406351563	26.07655883015173	25.990717492958602	24.177419613374035
45-49	23.735881538642204	26.067265445362832	25.995921854623877	24.200931161371088
50-54	23.74953007852218	26.11346245619189	26.0137145307114	24.12329293457453
55-59	23.77926378119184	26.06229923239053	25.978797287912048	24.179639698505586
60-64	23.682711726266604	26.10809231188693	26.06284769517902	24.14634826666745
65-69	23.756778283883865	26.185685074698085	26.04998155519271	24.007555086225345
70-74	23.827981035347573	26.143793886983026	26.008438627970648	24.019786449698756
75-79	23.775624505973102	26.0887775834578	26.07579932787455	24.059798582694548
80-84	23.780791467737078	26.182963714127204	26.092305766646728	23.94393905148899
85-89	23.86135798519335	26.134361877099145	25.974269290720116	24.030010846987395
90-94	23.818930825586285	26.13318568965472	26.045539949379343	24.00234353537965
95-99	23.922817567125858	26.18197823983947	26.030702114276995	23.864502078757674
100-101	24.239819243596624	26.241348258813986	25.689471825319902	23.82936067226949
>>END_MODULE
>>Per base GC content	fail
#Base	%GC
1	72.30892521823152
2	39.44760386889796
3	47.07022300338036
4	47.00652533694824
5	45.95358723690652
6	44.29105050150865
7	44.34011163075765
8	52.304352481648486
9	48.74681332170587
10-14	49.14968842601476
15-19	48.542137607734205
20-24	47.92570370969289
25-29	47.96043273343161
30-34	47.78274513869244
35-39	47.90467178723331
40-44	47.932723676889665
45-49	47.93681270001329
50-54	47.872823013096706
55-59	47.958903479697426
60-64	47.82905999293405
65-69	47.764333370109206
70-74	47.847767485046326
75-79	47.83542308866765
80-84	47.724730519226064
85-89	47.89136883218074
90-94	47.82127436096594
95-99	47.78731964588353
100-101	48.069179915866115
>>END_MODULE
>>Per sequence GC content	pass
#GC Content	Count
0	0.0
1	0.0
2	0.0
3	0.0
4	1.0
5	2.0
6	1.5
7	2.0
8	12.5
9	20.5
10	21.0
11	38.5
12	72.5
13	113.0
14	237.5
15	569.0
16	1494.0
17	3355.0
18	6589.0
19	12545.0
20	22662.0
21	39016.0
22	63433.5
23	98982.5
24	146658.5
25	208236.0
26	283695.0
27	370997.5
28	467057.5
29	574048.0
30	689678.0
31	807794.0
32	926711.0
33	1053837.5
34	1196320.5
35	1359255.0
36	1531312.5
37	1703511.0
38	1881219.5
39	2061191.5
40	2211322.5
41	2329670.5
42	2426441.0
43	2484264.0
44	2507026.0
45	2538813.5
46	2560616.5
47	2524053.0
48	2463829.0
49	2407742.0
50	2397248.5
51	2399026.0
52	2371079.5
53	2332732.0
54	2259126.0
55	2161045.5
56	2053536.0
57	1933050.0
58	1828846.0
59	1751279.0
60	1659021.0
61	1542309.0
62	1414720.5
63	1281623.5
64	1150842.0
65	1013130.5
66	866217.0
67	729180.0
68	610331.5
69	497595.5
70	390417.0
71	299094.0
72	231004.5
73	179025.0
74	139454.0
75	106427.5
76	79033.0
77	59671.5
78	46378.0
79	36399.5
80	26844.0
81	17456.0
82	10707.0
83	6756.5
84	3983.0
85	2056.5
86	1051.5
87	430.0
88	120.0
89	32.5
90	8.5
91	4.5
92	1.0
93	0.0
94	0.0
95	0.5
96	0.5
97	0.0
98	0.0
99	0.0
100	0.0
>>END_MODULE
>>Per base N content	pass
#Base	N-Count
1	5.416181850688757E-6
2	2.7080909253443786E-6
3	3.655922749214911E-5
4	3.520518202947692E-5
5	6.07966412739813E-4
6	0.0
7	0.0
8	0.0
9	0.0
10-14	0.0
15-19	8.611729142595124E-4
20-24	0.0015891077549920812
25-29	0.0
30-34	0.0
35-39	0.0
40-44	2.708090925344379E-7
45-49	0.0011647499069906172
50-54	0.0
55-59	0.0030712459184330594
60-64	0.0
65-69	0.0
70-74	0.0
75-79	4.874563665619881E-6
80-84	0.0
85-89	0.0
90-94	0.0058733075988868875
95-99	0.0
100-101	0.0
>>END_MODULE
>>Sequence Length Distribution	pass
#Length	Count
101	7.3852764E7
>>END_MODULE
>>Sequence Duplication Levels	fail
#Total Duplicate Percentage	82.60012301607831
#Duplication Level	Relative count
1	100.0
2	25.327067296574054
3	11.95117116521854
4	6.753609303247547
5	4.259308203112095
6	2.9873798275463344
7	2.1118966599491227
8	1.5510918761769468
9	1.3487396346096667
10++	8.895239353794311
>>END_MODULE
>>Overrepresented sequences	pass
>>END_MODULE
>>Kmer Content	warn
#Sequence	Count	Obs/Exp Overall	Obs/Exp Max	Max Obs/Exp Position
AAAAA	21063155	2.5335577	7.8643117	2
GAAGA	17375990	2.5073419	5.169256	2
CCAGG	15416030	2.493418	5.3289814	8
TCTTC	18540035	2.4499238	5.3039703	7
CTTCT	18364850	2.4267743	5.9527664	1
CCAGC	15360920	2.4015453	5.5828557	8
CTGGG	14303210	2.377372	6.553441	1
TTTTT	20209035	2.3507857	6.075107	2
CTGGA	15214410	2.3088222	7.805741	1
TCCAG	15496575	2.273118	7.580403	7
CCCAG	14465040	2.261482	5.202413	1
CTTCA	16924590	2.2514803	8.466124	1
GGAAG	13421325	2.1212296	5.172248	1
CTCCA	14873675	2.108898	6.4278464	6
TCCTG	14356720	2.0918646	5.43162	7
CTGCC	13138550	2.0403893	5.663847	8
CTTCC	14375035	2.024595	5.214432	1
CAGAA	14480115	2.0197005	5.437437	1
CTGGC	12387965	1.9902817	5.967071	1
GAAAA	14878805	1.960215	5.1177983	1
CCACC	12474725	1.8851916	5.1953287	8
AAAAT	15563615	1.8595587	5.734721	3
CTCAG	12150270	1.7822647	6.9679375	1
CTTTG	13029210	1.7811853	8.302452	1
TTCCA	13380465	1.780005	5.230182	6
CTTTT	14350835	1.7792294	7.2077575	1
CTGAA	12723390	1.7628276	5.5892296	1
CAAAA	13692400	1.7436779	5.9963636	1
GGAAA	12079920	1.743123	5.7051196	1
CTTGG	11550705	1.7411486	7.2679267	1
TCTGC	11792980	1.7183114	5.596553	7
CTTTC	11809815	1.5605767	5.0061946	1
TCCAC	10691500	1.5159187	5.3945885	7
TTTGA	11106415	1.4341204	5.860195	2
GTTTT	10675930	1.3693343	5.0772862	1
TTTAA	11125570	1.311613	5.0250373	2
CTTGA	9473920	1.3038534	5.620279	1
ATCCA	9546030	1.2784412	5.9355497	6
>>END_MODULE
