##FastQC	0.10.1
>>Basic Statistics	pass
#Measure	Value	
Filename	ERR361062_2.fastq	
File type	Conventional base calls	
Encoding	Sanger / Illumina 1.9	
Total Sequences	61570072	
Filtered Sequences	0	
Sequence length	101	
%GC	48	
>>END_MODULE
>>Per base sequence quality	pass
#Base	Mean	Median	Lower Quartile	Upper Quartile	10th Percentile	90th Percentile
1	31.446520575775843	31.0	31.0	34.0	30.0	34.0
2	31.51133471144877	31.0	31.0	34.0	28.0	34.0
3	31.541242618654074	31.0	31.0	34.0	28.0	34.0
4	35.13826202769423	37.0	35.0	37.0	32.0	37.0
5	35.1368352305971	37.0	35.0	37.0	32.0	37.0
6	35.093224692022446	37.0	35.0	37.0	32.0	37.0
7	35.12662642330514	37.0	35.0	37.0	32.0	37.0
8	35.12810821465338	37.0	35.0	37.0	32.0	37.0
9	36.613030759489774	39.0	35.0	39.0	32.0	39.0
10-14	36.77065822174124	39.0	35.4	39.4	32.0	39.4
15-19	37.455948549158755	39.0	36.2	41.0	31.8	41.0
20-24	37.24261931023891	39.0	36.0	41.0	31.0	41.0
25-29	37.05427062031047	39.0	36.0	40.6	30.8	41.0
30-34	36.691624047475536	38.6	35.4	40.0	30.0	41.0
35-39	36.577874052185614	38.0	35.0	40.0	30.0	41.0
40-44	36.53051156087652	38.4	35.0	40.0	30.0	41.0
45-49	36.370539358797565	38.0	35.0	40.0	29.6	41.0
50-54	35.54078168692088	37.6	33.6	39.6	28.2	40.6
55-59	35.704630710842764	37.8	34.0	40.0	28.0	41.0
60-64	35.05929307017864	36.6	33.4	39.8	27.6	41.0
65-69	34.23630180909972	35.6	32.6	39.0	26.2	40.6
70-74	33.311649426039324	35.0	31.6	37.4	25.8	39.6
75-79	32.35057729671	34.6	31.0	36.2	24.6	38.8
80-84	31.44576347417622	34.0	30.4	35.2	23.4	37.0
85-89	30.641890966117433	34.0	30.0	35.0	21.0	36.0
90-94	29.68218873286359	34.0	29.0	35.0	17.4	35.0
95-99	28.493116964358915	33.6	28.6	35.0	3.0	35.0
100-101	26.69074961452051	32.0	25.5	34.5	2.0	35.0
>>END_MODULE
>>Per sequence quality scores	pass
#Quality	Count
2	773.0
3	719.0
4	1198.0
5	2165.0
6	3751.0
7	6156.0
8	9878.0
9	16026.0
10	23639.0
11	32357.0
12	43008.0
13	53783.0
14	65562.0
15	80132.0
16	98892.0
17	124140.0
18	154854.0
19	192206.0
20	239000.0
21	298845.0
22	377237.0
23	478990.0
24	607718.0
25	770560.0
26	965747.0
27	1199053.0
28	1476098.0
29	1801775.0
30	2194141.0
31	2668704.0
32	3257773.0
33	4012529.0
34	5023756.0
35	6426415.0
36	8316848.0
37	1.0149115E7
38	8631423.0
39	1764283.0
40	823.0
>>END_MODULE
>>Per base sequence content	fail
#Base	G	A	T	C
1	26.499409534535207	13.739773237223865	15.63285862757668	44.12795860066425
2	20.8872119196876	21.499048157651924	37.37491446737027	20.238825455290208
3	23.45516339070998	25.35880469816049	27.19907266608744	23.98695924504209
4	24.38019459136382	32.67540143300192	19.558085465254614	23.386318510379642
5	25.99331394965928	32.63742969084314	20.698401192028225	20.670855167469355
6	20.195904594686848	32.70716168725611	22.03007006391027	25.066863654146776
7	18.746567325761777	14.262625841983748	41.03603614431375	25.954770687940727
8	20.826158851982502	19.775039405508572	26.79960159864682	32.5992001438621
9	19.81188035641732	19.895770139752315	30.522509377608003	29.769840126222363
10-14	23.76517961518707	25.204760195830207	25.227600188611117	25.802460000371607
15-19	24.00785119275211	25.3813694468909	25.729387910706393	24.881391449650597
20-24	23.99154111832139	26.05036887636419	25.658743107766597	24.29934689754782
25-29	24.005084483253487	26.033171440825992	25.641380766941445	24.320363308979076
30-34	23.77110489654779	26.05725749354329	25.890435210145608	24.281202399763313
35-39	23.98924074670564	26.024257369716896	25.705850725657754	24.28065115791971
40-44	23.952611587006103	25.90133368692504	25.801676827663933	24.344377898404925
45-49	23.930659540731764	25.897326632285143	25.811611909618776	24.360401917364317
50-54	23.94320247018714	25.932613494426317	25.834941040835552	24.28924299455099
55-59	23.97018709641659	25.888197983063304	25.798195292484248	24.34341962803585
60-64	23.862778981320666	25.9528226635824	25.888838980081104	24.295559375015834
65-69	23.944375442666367	26.00806443754037	25.86659213261924	24.18096798717403
70-74	24.008684284143765	25.98503376770454	25.823044026974664	24.183237921177028
75-79	23.94505510804266	25.9226786771258	25.896787200622473	24.235479014209066
80-84	23.964173373063456	26.01847014244193	25.884812998107265	24.13254348638735
85-89	24.04352718639017	25.955966723573106	25.794039675639812	24.206466414396914
90-94	24.00275530878828	25.970639588184103	25.863168927620183	24.163436175407433
95-99	24.136458375426294	26.003764621227017	25.82129967299697	24.03847733034972
100-101	24.45449389761961	26.093072458970003	25.45789048289565	23.994543160514738
>>END_MODULE
>>Per base GC content	fail
#Base	%GC
1	70.62736813519945
2	41.126037374977805
3	47.44212263575207
4	47.76651310174346
5	46.66416911712864
6	45.26276824883362
7	44.701338013702504
8	53.425358995844604
9	49.58172048263968
10-14	49.567639615558676
15-19	48.88924264240271
20-24	48.29088801586921
25-29	48.32544779223256
30-34	48.052307296311106
35-39	48.269891904625354
40-44	48.29698948541103
45-49	48.29106145809608
50-54	48.23244546473813
55-59	48.31360672445245
60-64	48.1583383563365
65-69	48.12534342984039
70-74	48.19192220532079
75-79	48.18053412225173
80-84	48.09671685945081
85-89	48.249993600787086
90-94	48.166191484195714
95-99	48.174935705776015
100-101	48.44903705813435
>>END_MODULE
>>Per sequence GC content	pass
#GC Content	Count
0	0.0
1	0.0
2	0.0
3	0.0
4	0.0
5	0.5
6	2.5
7	5.0
8	9.0
9	17.5
10	24.5
11	42.0
12	61.5
13	87.0
14	196.5
15	474.0
16	1123.0
17	2490.0
18	4725.0
19	9193.5
20	17021.0
21	29118.5
22	48056.0
23	75997.5
24	111850.5
25	157816.5
26	215496.5
27	283279.5
28	359191.5
29	442087.5
30	531587.0
31	628401.5
32	726993.5
33	832903.0
34	954184.0
35	1089790.5
36	1233879.5
37	1378990.0
38	1530198.5
39	1688122.5
40	1820224.5
41	1915594.5
42	1992274.5
43	2045496.0
44	2069836.5
45	2098128.0
46	2112812.5
47	2081218.0
48	2034781.5
49	1994733.5
50	1985402.0
51	1987195.5
52	1978098.5
53	1959102.5
54	1905176.0
55	1827058.5
56	1741670.0
57	1646700.5
58	1561631.0
59	1500158.0
60	1428307.5
61	1334809.0
62	1232170.5
63	1124246.5
64	1015809.0
65	897991.5
66	769804.5
67	649711.0
68	545801.0
69	447463.0
70	355392.5
71	276511.5
72	215828.5
73	168529.0
74	130649.5
75	99384.5
76	74175.5
77	55835.0
78	43045.0
79	33341.5
80	24461.0
81	15798.5
82	9375.5
83	5627.0
84	3044.5
85	1345.5
86	602.5
87	226.5
88	59.0
89	12.5
90	3.0
91	2.0
92	0.0
93	0.0
94	0.0
95	0.0
96	0.0
97	0.0
98	0.0
99	0.0
100	0.0
>>END_MODULE
>>Per base N content	pass
#Base	N-Count
1	3.2483314295945602E-6
2	3.2483314295945602E-6
3	2.761081715155376E-5
4	3.573164572554016E-5
5	6.31800463056142E-4
6	0.0
7	0.0
8	0.0
9	0.0
10-14	0.0
15-19	8.487890025530586E-4
20-24	0.0016040260599337938
25-29	0.0
30-34	0.0
35-39	0.0
40-44	0.0
45-49	0.0011680999820822039
50-54	0.0
55-59	0.003106379346121278
60-64	0.0
65-69	0.0
70-74	0.0
75-79	4.547664001432385E-6
80-84	0.0
85-89	0.0
90-94	0.005989273489886451
95-99	0.0
100-101	0.0
>>END_MODULE
>>Sequence Length Distribution	pass
#Length	Count
101	6.1570072E7
>>END_MODULE
>>Sequence Duplication Levels	fail
#Total Duplicate Percentage	82.44025991434961
#Duplication Level	Relative count
1	100.0
2	24.647032825746315
3	11.20896781710796
4	6.365060870263972
5	3.980875085379083
6	2.6517738760094822
7	1.8297239744465426
8	1.4094579934911005
9	1.0880308570051027
10++	7.532644943549359
>>END_MODULE
>>Overrepresented sequences	pass
>>END_MODULE
>>Kmer Content	warn
#Sequence	Count	Obs/Exp Overall	Obs/Exp Max	Max Obs/Exp Position
GAAGA	14787655	2.5713904	5.189293	2
AAAAA	17064235	2.5493698	8.1317215	2
TCTTC	15702860	2.5084155	5.421931	7
CCAGG	13162110	2.4924314	5.6045513	8
CTTCT	15454210	2.4686956	5.448001	1
CCAGC	13105435	2.4005032	5.7269487	8
TTTTT	16313295	2.3639083	5.5514817	2
CTGGG	12141425	2.362451	6.0683312	1
CTGGA	12782670	2.3054378	7.1561627	1
TCCAG	13085900	2.2829084	8.04786	7
CTTCA	14199185	2.2821047	8.179603	1
GGAAG	11346640	2.128616	5.0500255	1
CTCCA	12529520	2.1143286	6.980636	6
TCCTG	12085165	2.0954928	5.633247	7
CTGCC	11220850	2.0427969	5.730411	8
CAGAA	12021335	2.0219693	5.1358347	1
GCCAG	10523350	1.992745	5.010483	1
CTGGC	10481720	1.9727808	5.491522	1
GAAAA	12209975	1.9679863	5.1722574	1
CCACC	10717660	1.8989083	5.652226	8
AAAAT	12574665	1.8672009	6.0108457	3
TCTCC	10935885	1.8341743	5.103723	7
TTCCA	11148520	1.7917995	5.3915296	6
CTTTG	10824635	1.7876433	7.7780704	1
CTTTT	11726165	1.7840656	6.175841	1
CTCAG	10145970	1.7700213	6.2617393	1
CAAAA	11236955	1.7518995	5.7758656	1
TCTGC	9942865	1.7240309	5.780242	7
CTTGG	9616505	1.7238427	6.839793	1
GGAAA	9903970	1.722178	5.412608	1
TCCAC	8999265	1.5186061	5.7810235	7
TTTGA	9192745	1.4547833	6.007154	2
TCCAA	8269470	1.3372151	5.038226	7
CTTGA	7822425	1.2997519	5.261913	1
TTTAA	8859240	1.2995358	5.180099	2
ATCCA	7960875	1.2873137	6.4373975	6
>>END_MODULE
